$GPRMC,073727.00,A,2310.3762187,N,11326.0308251,E,0.050,58.7,180715,0.0,E,D*07\r\n,
$GPGGA,073727.00,2310.3762187,N,11326.0308251,E,5,07,1.9,2.457,M,,,01,0000*33\ r\n,
$GPGSV,3,1,10,28,70,353,34,03,44,091,,17,37,317,50,30,36,211,43*7F\r\n,
$GPGSV,3,2,10,01,31,035,,06,31,238,36,11,21,047,38,32,17,054,*79\r\n,
$GPGSV,3,3,10,07,16,182,39,04,06,044,*7B\r\n,
$GPRMC,073730.00,A,2310.3761209,N,11326.0306921,E,0.137,285.0,180715,0.0,E,D*30\r\n,
$GPGGA,073730.00,2310.3761209,N,11326.0306921,E,5,07,1.9,3.055,M,,,01,0000*36\r\n,
$GPGSV,3,1,10,28,70,353,34,03,44,091,,17,37,317,50,30,36,211,43*7F\r\n,
$GPGSV,3,2,10,01,31,035,,06,31,238,37,11,21,047,38,32,17,054,*78\r\n,
$GPGSV,3,3,10,07,16,182,38,04,06,044,*7A\r\n,
$GPRMC,073735.00,A,2310.3759621,N,11326.0305482,E,0.064,250.9,180715,0.0,E,D*31\r\n,
$GPGGA,073735.00,2310.3759621,N,11326.0305482,E,5,07,1.1,3.509,M,,,01,0000*35\r\n,
$GPGSV,3,1,09,10,63,020,48,05,51,244,47,12,35,284,46,02,46,333,46*70\r\n,
$GPGSV,3,2,09,13,30,157,44,26,09,186,39,17,38,126,44,09,26,061,41*7C\r\n,
$GPGSV,3,3,09,06,43,037,45,,,,,,,,,,,,*44\r\n,
$BDGSV,3,1,09,141,48,130,40,142,44,239,33,143,62,187,43,144,31,111,39*61\r\n,
$BDGSV,3,2,09,145,24,255,,146,82,294,49,148,72,087,38,149,59,233,45*60\r\n,
$BDGSV,3,3,09,152,52,336,38,,,,,,,,,,,,*6D\r\n,
$GPGSV,3,1,09,18,80,073,48,22,53,327,51,25,41,139,48,12,36,086,49*7F\r\n,
$GPGSV,3,2,09,14,36,310,48,21,32,200,44,24,31,036,,31,23,229,48*78\r\n,
$GPGSV,3,3,09,15,15,074,45*42\r\n,
$GLGSV,2,1,08,80,86,021,47,69,50,078,51,70,40,351,49,73,38,208,44*65\r\n,
$GLGSV,2,2,08,79,25,026,45,68,11,119,39,85,03,260,,71,01,320,*60\r\n,
$GPGSV,7,1,23,25,13,306,41,10,52,025,44,12,34,271,45,17,29,134,46*72\r\n,
$GPGSV,7,2,23,6,40,050,41,9,21,052,43,2,49,346,47,5,57,260,44*7B\r\n,
$GPGSV,7,3,23,42,50,128,39,50,45,123,41,41,46,236,46,40,21,256,34*7C\r\n,
$GLGSV,7,4,23,69,53,224,48,67,13,028,,68,66,011,48,82,43,105,*64\r\n,
$GLGSV,7,5,23,83,52,006,49*51\r\n,
$GBDGSV,7,6,23,106,78,317,48,108,74,103,40,101,48,130,39,102,44,239,35*2B\r\n,
$GBDGSV,7,7,23,103,62,187,40,109,61,243,44*28\r\n,             
$GPGSV,3,1,11,12,34,101,48,14,32,297,46,15,19,066,44,18,75,018,50,0*6E\r\n,
$GPGSV,3,2,11,21,41,207,46,22,43,326,50,24,40,035,41,25,32,149,43,0*6C\r\n,
$GPGSV,3,3,11,31,15,223,43,42,50,128,43,50,45,122,31,0*5F\r\n,
$GBGSV,3,1,09,01,50,128,42,02,44,239,41,03,62,187,44,04,32,111,40,0*73\r\n,
$GBGSV,3,2,09,05,24,253,38,06,69,071,46,07,85,231,47,09,63,354,45,0*78\r\n,
$GBGSV,3,3,09,10,56,222,43,0*49\r\n